{
    "matrix": [
        [
            [
                0.9955975730186175,
                0.0244231755383075,
                -0.09049298920945814,
                0.37031503824381495
            ],
            [
                0.02623723707241979,
                -0.9994768501144506,
                0.018911199753100374,
                -0.18356478258365183
            ],
            [
                -0.08998377626130023,
                -0.021202230588337506,
                -0.9957175229088998,
                0.4997053007805773
            ],
            [
                0.0,
                0.0,
                0.0,
                1.0
            ]
        ],
        [
            [
                0.9856128838944029,
                -0.16899470454871363,
                0.002834243435380175,
                0.4556074530099226
            ],
            [
                -0.1686651097264329,
                -0.9823302509025409,
                0.08111324751679755,
                -0.1872069518830332
            ],
            [
                -0.010923546234091995,
                -0.08042429978709119,
                -0.996700861914661,
                0.4266058865252146
            ],
            [
                0.0,
                0.0,
                0.0,
                1.0
            ]
        ],
        [
            [
                0.9961564136752834,
                0.04315543583073586,
                0.07622340750620477,
                0.4959075635296418
            ],
            [
                0.04089811154638873,
                -0.9986844115343085,
                0.03093203243099002,
                -0.21067469135881023
            ],
            [
                0.07745801421116379,
                -0.027695749071507986,
                -0.9966108576158655,
                0.3099590330695719
            ],
            [
                0.0,
                0.0,
                0.0,
                1.0
            ]
        ]
    ]
}