{
    "matrix": [
        [
            [
                0.8300788697848016,
                0.5385359120367564,
                -0.1447347278819905,
                0.3620603411931474
            ],
            [
                0.5416835695275024,
                -0.8403413487804439,
                -0.020132758473812597,
                -0.18129150747551515
            ],
            [
                -0.13246878987937782,
                -0.06168864665052276,
                -0.9892656521788347,
                0.5021627120149261
            ],
            [
                0.0,
                0.0,
                0.0,
                1.0
            ]
        ],
        [
            [
                0.9273466142054266,
                0.3612755811541239,
                -0.09751005925047011,
                0.4324380947740649
            ],
            [
                0.3692308506117235,
                -0.9257511967869088,
                0.08156776651414128,
                -0.13920272596426136
            ],
            [
                -0.060801611791684036,
                -0.1116453142434512,
                -0.9918863280686501,
                0.4253051030938685
            ],
            [
                0.0,
                0.0,
                0.0,
                1.0
            ]
        ],
        [
            [
                0.8326554173532693,
                0.5537203491392103,
                -0.008873047557244813,
                0.472219839986022
            ],
            [
                0.5526693636397,
                -0.8298422171370471,
                0.07693158701805161,
                -0.13698879201153646
            ],
            [
                0.03523535577662108,
                -0.06896136425936214,
                -0.9969968906377175,
                0.30616722763229476
            ],
            [
                0.0,
                0.0,
                0.0,
                1.0
            ]
        ]
    ]
}