{
    "matrix": [
        [
            [
                -0.04270516704493502,
                -0.9966985324902617,
                0.06905290475727797,
                -0.004817698791160561
            ],
            [
                -0.986685653239653,
                0.05293061300109498,
                0.15378482091649073,
                0.02642606949563831
            ],
            [
                -0.1569321179179822,
                -0.06156610399322238,
                -0.9856885535334691,
                0.4350851198782766
            ],
            [
                0.0,
                0.0,
                0.0,
                1.0
            ]
        ],
        [
            [
                -0.2396300236935584,
                -0.9628809396989052,
                0.12424873168436092,
                -0.01148176899096147
            ],
            [
                -0.967137043045531,
                0.24795045528211987,
                0.056271759706669595,
                -0.053375276844137474
            ],
            [
                -0.08499053445050607,
                -0.106681147888866,
                -0.9906541985480917,
                0.35622498381539996
            ],
            [
                0.0,
                0.0,
                0.0,
                1.0
            ]
        ],
        [
            [
                -0.035469444358915775,
                -0.9969941635721652,
                0.06888073704530029,
                -0.03270337203177406
            ],
            [
                -0.9993153915668583,
                0.03465761075978292,
                -0.012945942991901327,
                -0.08405567816892485
            ],
            [
                0.010519787860810367,
                -0.06929276613881193,
                -0.9975408994052449,
                0.2362679971338934
            ],
            [
                0.0,
                0.0,
                0.0,
                1.0
            ]
        ]
    ]
}